0.1
1
1.1
1.2
1.3
1.4
1.5
1.6
1.7
1.8
1.9
2
2.1
2.2
2.3
2.4
2.5
2.6
2.7
2.9
3
3.1
3.3
3.4
3.6
3.7
3.9
4.1
4.2
4.4
4.6
4.8
5
5.3
5.5
5.8
6
6.3
6.6
6.9
7.2
7.5
7.8
8.2
8.5
8.9
9.3
9.7
10.2
10.6
11.1
11.6
12.1
12.6
13.2
13.8
14.4
15.1
15.7
16.4
17.2
17.9
18.7
19.6
20.5
21.4
22.3
23.3
24.4
25.5
26.6
27.8
29
30.3
31.7
33.1
34.6
36.1
37.8
39.4
41.2
43
45
47
49.1
51.3
53.6
56
58.5
61.1
63.8
66.7
69.6
72.8
76
79.4
83
86.7
90.6
94.6
98.8
103.3
107.9
112.7
117.7
123
128.5
134.2
140.2
146.5
153.1
159.9
167.1
174.5
182.3
190.5
199
207.9
217.2
226.9
237.1
247.7
258.8
270.3
282.4
295
308.2
322
336.4
351.5
367.2
383.6
400.8
418.7
437.4
457
477.4
498.7
521
544.3
568.7
594.1
620.7
648.4
677.4
707.7
739.4
772.4
807
843.1
880.8
920.2
961.3
1004.3
1049.2
1096.1
1145.1
1196.3
1249.8
1305.7
1364.1
1425.1
1488.8
1555.4
1625
1697.6
1773.6
1852.9
1935.7
2022.3
2112.7
2207.2
2305.9
2409
2516.7
2629.3
2746.9
2869.7
2998
3132.1
3272.1
3418.5
3571.3
3731
3897.9
4072.2
4254.3
4444.5
4643.3
4850.9
5067.9
5294.5
5531.2
5778.6
6037
6306.9
6589
6883.6
7191.5
7513
7849
8200
1000000
